1;0
2;30
3;60
4;91
5;124
6;155
7;187
8;223
9;257
10;288
11;319
12;349
13;379
14;411
15;448
16;479
17;507
18;541
19;572
20;601
21;634
22;668
23;705
24;738
25;768
26;804
27;840
28;873
29;904
30;935
31;967
32;1005
33;1036
34;1070
35;1101
36;1132
37;1162
38;1195
39;1226
40;1264
41;1296
42;1326
43;1357
44;1388
45;1420
46;1453
47;1488
48;1522
49;1553
50;1588
51;1620
52;1653
53;1685
54;1720
55;1755
56;1786
57;1817
58;1848
59;1887
60;1919
61;1948
62;1977
63;2012
64;2047
65;2085
66;2118
67;2153
68;2186
69;2217
70;2253
71;2288
72;2317
73;2356
74;2392
75;2428
76;2458
77;2486
78;2517
79;2547
80;2577
81;2610
82;2642
83;2678
84;2712
85;2744
86;2776
87;2811
88;2849
89;2884
90;2917
91;2948
92;2982
93;3013
94;3051
95;3079
96;3118
97;3150
98;3188
99;3219
100;3250
101;3281
102;3314
103;3349
104;3386
105;3425
106;3461
107;3497
108;3534
109;3571
110;3605
111;3642
112;3674
113;3708
114;3747
115;3780
116;3811
117;3846
118;3878
119;3910
120;3944
121;3980
122;4012
123;4047
124;4081
125;4117
126;4155
127;4188
128;4221
129;4254
130;4290
131;4321
132;4357
133;4394
134;4426
135;4459
136;4492
137;4521
138;4555
139;4587
140;4623
141;4658
142;4698
143;4732
144;4767
145;4807
146;4842
147;4877
148;4913
149;4942
150;4971
151;5008
152;5037
153;5070
154;5099
155;5131
156;5167
157;5203
158;5236
159;5268
160;5298
161;5329
162;5357
163;5388
164;5420
165;5451
166;5487
167;5524
168;5556
169;5588
170;5621
171;5654
172;5687
173;5719
174;5755
175;5790
176;5826
177;5862
178;5896
179;5930
180;5968
181;6001
182;6038
183;6075
184;6110
185;6145
186;6178
187;6211
188;6243
189;6280
190;6317
191;6346
192;6377
193;6410
194;6447
195;6479
196;6511
197;6541
198;6572
199;6603
200;6639
201;6672
202;6704
203;6737
204;6772
205;6807
206;6842
207;6878
208;6910
209;6943
210;6979
211;7013
212;7045
213;7081
214;7117
215;7155
216;7186
217;7217
218;7254
219;7284
220;7321
221;7352
222;7382
223;7417
224;7450
225;7483
226;7511
227;7543
228;7575
229;7611
230;7643
231;7676
232;7709
233;7745
234;7782
235;7819
236;7853
237;7885
238;7917
239;7955
240;7988
241;8022
242;8057
243;8097
244;8128
245;8161
246;8196
247;8226
248;8258
249;8287
250;8324
251;8359
252;8394
253;8425
254;8456
255;8489
256;8524
257;8560
258;8596
259;8628
260;8663
261;8693
262;8722
263;8758
264;8787
265;8819
266;8853
267;8886
268;8919
269;8957
270;8995
271;9026
272;9062
273;9101
274;9138
275;9171
276;9209
277;9241
278;9274
279;9305
280;9335
281;9368
282;9404
283;9435
284;9471
285;9504
286;9535
287;9567
288;9597
289;9627
290;9659
291;9693
292;9725
293;9763
294;9799
295;9833
296;9867
297;9898
298;9930
299;9969
300;10009
301;10041
302;10074
303;10107
304;10139
305;10171
306;10208
307;10244
308;10277
309;10310
310;10347
311;10382
312;10422
313;10456
314;10488
315;10517
316;10549
317;10589
318;10623
319;10659
320;10689
321;10719
322;10755
323;10792
324;10825
325;10861
326;10892
327;10924
328;10958
329;10990
330;11022
331;11053
332;11086
333;11118
334;11151
335;11190
336;11225
337;11256
338;11290
339;11320
340;11357
341;11387
342;11421
343;11453
344;11486
345;11521
346;11556
347;11594
348;11626
349;11660
350;11695
351;11732
352;11763
353;11796
354;11832
355;11867
356;11904
357;11940
358;11970
359;12001
360;12036
361;12066
362;12097
363;12130
364;12166
365;12203
366;12243
367;12273
368;12305
369;12342
370;12372
371;12407
372;12443
373;12481
374;12519
375;12553
376;12590
377;12625
378;12663
379;12703
380;12738
381;12777
382;12811
383;12844
384;12877
385;12915
386;12951
387;12984
388;13017
389;13049
390;13081
391;13113
392;13150
393;13183
394;13214
395;13246
396;13282
397;13315
398;13350
399;13384
400;13415
401;13451
402;13488
403;13521
404;13555
405;13586
406;13620
407;13655
408;13687
409;13719
410;13755
411;13790
412;13822
413;13857
414;13887
415;13919
416;13949
417;13981
418;14014
419;14054
420;14091
421;14121
422;14154
423;14191
424;14222
425;14254
426;14289
427;14318
428;14351
429;14384
430;14417
431;14456
432;14494
433;14530
434;14561
435;14600
436;14638
437;14670
438;14704
439;14733
440;14767
441;14800
442;14833
443;14865
444;14897
445;14930
446;14962
447;14994
448;15023
449;15055
450;15088
451;15118
452;15150
453;15183
454;15219
455;15251
456;15287
457;15322
458;15359
459;15392
460;15424
461;15456
462;15497
463;15528
464;15566
465;15600
466;15632
467;15665
468;15696
469;15729
470;15764
471;15794
472;15826
473;15865
474;15899
475;15939
476;15971
477;16006
478;16040
479;16077
480;16114
481;16151
482;16189
483;16223
484;16258
485;16293
486;16326
487;16357
488;16389
489;16422
490;16457
491;16489
492;16522
493;16558
494;16593
495;16627
496;16659
497;16688
498;16720
499;16754
500;16785
501;16821
502;16849
503;16878
504;16909
505;16942
506;16978
507;17013
508;17053
509;17090
510;17123
511;17161
512;17191
513;17228
514;17268
515;17300
516;17337
517;17369
518;17402
519;17439
520;17475
521;17507
522;17542
523;17573
524;17606
525;17639
526;17671
527;17705
528;17738
529;17771
530;17809
531;17844
532;17881
533;17909
534;17943
535;17979
536;18013
537;18044
538;18075
539;18107
540;18141
541;18171
542;18203
543;18233
544;18269
545;18306
546;18339
547;18374
548;18415
549;18447
550;18480
551;18513
552;18547
553;18579
554;18609
555;18645
556;18684
557;18716
558;18751
559;18783
560;18818
561;18857
562;18892
563;18925
564;18958
565;18992
566;19027
567;19063
568;19095
569;19128
570;19158
571;19196
572;19230
573;19264
574;19293
575;19329
576;19370
577;19405
578;19438
579;19473
580;19513
581;19545
582;19581
583;19616
584;19648
585;19688
586;19721
587;19752
588;19783
589;19816
590;19851
591;19883
592;19914
593;19944
594;19978
595;20012
596;20045
597;20079
598;20112
599;20150
600;20186
601;20215
602;20254
603;20289
604;20321
605;20358
606;20393
607;20425
608;20461
609;20494
610;20528
611;20560
612;20596
613;20628
614;20665
615;20697
616;20733
617;20765
618;20798
619;20830
620;20861
621;20893
622;20926
623;20955
624;20990
625;21026
626;21062
627;21095
628;21134
629;21166
630;21196
631;21232
632;21265
633;21295
634;21328
635;21362
636;21393
637;21430
638;21463
639;21501
640;21539
641;21573
642;21606
643;21646
644;21681
645;21717
646;21752
647;21783
648;21815
649;21856
650;21892
651;21925
652;21964
653;21994
654;22031
655;22063
656;22095
657;22123
658;22158
659;22193
660;22225
661;22259
662;22295
663;22328
664;22364
665;22395
666;22431
667;22462
668;22497
669;22529
670;22569
671;22603
672;22637
673;22669
674;22708
675;22744
676;22783
677;22820
678;22854
679;22889
680;22924
681;22958
682;22988
683;23020
684;23051
685;23083
686;23117
687;23155
688;23190
689;23229
690;23261
691;23291
692;23320
693;23352
694;23384
695;23419
696;23454
697;23492
698;23527
699;23560
700;23592
701;23622
702;23652
703;23682
704;23716
705;23754
706;23791
707;23825
708;23859
709;23890
710;23923
711;23958
712;23988
713;24023
714;24052
715;24085
716;24121
717;24154
718;24182
719;24218
720;24251
721;24287
722;24320
723;24351
724;24383
725;24419
726;24449
727;24487
728;24528
729;24565
730;24595
731;24633
732;24666
733;24702
734;24737
735;24768
736;24801
737;24831
738;24870
739;24902
740;24934
741;24966
742;25001
743;25034
744;25069
745;25104
746;25139
747;25175
748;25207
749;25239
750;25272
751;25309
752;25341
753;25371
754;25406
755;25443
756;25479
757;25511
758;25539
759;25571
760;25606
761;25642
762;25674
763;25707
764;25740
765;25771
766;25804
767;25842
768;25877
769;25912
770;25945
771;25979
772;26014
773;26043
774;26081
775;26116
776;26145
777;26176
778;26209
779;26248
780;26281
781;26315
782;26348
783;26381
784;26416
785;26452
786;26491
787;26527
788;26559
789;26593
790;26628
791;26663
792;26703
793;26733
794;26774
795;26806
796;26836
797;26867
798;26908
799;26947
800;26983
801;27012
802;27046
803;27075
804;27111
805;27147
806;27178
807;27210
808;27251
809;27281
810;27313
811;27344
812;27376
813;27410
814;27448
815;27484
816;27520
817;27556
818;27588
819;27624
820;27660
821;27690
822;27727
823;27758
824;27790
825;27826
826;27861
827;27896
828;27929
829;27963
830;27999
831;28031
832;28063
833;28099
834;28132
835;28165
836;28200
837;28233
838;28267
839;28299
840;28331
841;28367
842;28404
843;28442
844;28474
845;28511
846;28544
847;28583
848;28618
849;28650
850;28691
851;28727
852;28764
853;28798
854;28831
855;28862
856;28892
857;28924
858;28956
859;28991
860;29022
861;29058
862;29094
863;29127
864;29162
865;29193
866;29232
867;29267
868;29301
869;29335
870;29367
871;29402
872;29434
873;29463
874;29500
875;29537
876;29570
877;29602
878;29642
879;29675
880;29707
881;29748
882;29784
883;29821
884;29854
885;29884
886;29915
887;29948
888;29981
889;30014
890;30045
891;30078
892;30111
893;30143
894;30177
895;30216
896;30251
897;30283
898;30315
899;30347
900;30378
901;30414
902;30446
903;30475
904;30512
905;30544
906;30579
907;30610
908;30642
909;30679
910;30715
911;30755
912;30787
913;30819
914;30848
915;30884
916;30916
917;30954
918;30992
919;31024
920;31058
921;31092
922;31123
923;31156
924;31192
925;31225
926;31255
927;31288
928;31325
929;31363
930;31396
931;31428
932;31461
933;31497
934;31534
935;31567
936;31601
937;31638
938;31670
939;31702
940;31734
941;31770
942;31807
943;31838
944;31873
945;31912
946;31945
947;31980
948;32010
949;32044
950;32082
951;32111
952;32149
953;32178
954;32209
955;32242
956;32281
957;32315
958;32353
959;32385
960;32424
961;32461
962;32495
963;32528
964;32564
965;32594
966;32628
967;32665
968;32700
969;32730
970;32764
971;32797
972;32831
973;32867
974;32898
975;32932
976;32970
977;32999
978;33040
979;33072
980;33101
981;33137
982;33176
983;33212
984;33245
985;33278
986;33315
987;33353
988;33386
989;33420
990;33451
991;33486
992;33519
993;33552
994;33587
995;33625
996;33662
997;33701
998;33732
999;33762
1000;33795
